L1 07, 05, 01, 10, 03, 02, 10, 05
L2 10, 02, 07, 09, 07, 03
L3 09, 08, 10, 06, 03, 06, 08, 07, 04
L4 10
L5 03, 09, 05, 10, 06, 08, 09, 08
L6 10, 04, 06, 09, 06, 03, 10, 02, 05
L7 03, 04, 07, 10, 07, 05, 07, 03
L8 07, 02, 05, 10, 02, 10, 01, 07
L9 01, 07, 07, 03, 10, 03, 01, 07, 05
L10 09, 01, 09, 01, 04, 08, 02, 10, 02, 08
L11 09, 06, 05, 06
L12 09, 07, 07, 07, 05, 10, 03
L13 02, 05, 05
L14 01, 01, 06, 01
L15 04, 03, 09
L16 04
L17 04, 01, 04, 05, 07, 10, 10, 03, 10, 08
L18 07, 02
L19 01, 04, 06
L20 01, 09, 08, 03, 06
L21 08, 02, 01, 06, 04, 04, 05, 08
L22 10, 02, 03, 02, 01, 07, 01
L23 10, 07, 01, 02, 10, 06, 07, 06, 08, 08
L24 03, 03, 01
L25 04, 03, 07, 08, 08, 01, 05, 04, 03, 08
L26 04, 10, 07, 06, 09, 06, 03, 01
L27 04, 06, 06, 09, 06, 03, 02, 08
L28 04, 09, 03, 08, 05, 10, 05, 07
L29 09, 09, 05, 08, 04, 04
L30 10, 02, 10, 04
L31 09, 07
L32 06, 05, 05, 01, 08, 04, 08, 03, 02, 10
L33 06, 02, 05, 04, 09, 05, 03, 04, 02, 08
L34 06, 07, 01, 07, 02, 02, 05
L35 01, 10, 05, 07, 10, 02, 10, 09
L36 03, 01, 06, 10, 04, 02, 04
L37 06, 08
L38 08, 07, 04, 05, 06, 06, 01
L39 07, 05, 07, 10, 06, 01, 06
L40 04, 08, 06, 10, 02, 08, 06, 02
