L1 01, 08, 05, 02, 04, 10, 07, 08
L2 08, 03, 01, 02, 05, 05, 08
L3 01, 01, 01, 08
L4 01, 01, 02, 07, 04, 08, 04, 05, 06, 04
L5 02, 05, 07, 03
L6 07, 09, 03
L7 02, 04, 05, 06, 02, 08, 06, 04, 01
L8 03, 01, 03
L9 10, 09, 04, 03, 03, 01
L10 09, 02, 02, 05, 05, 06, 01, 05
L11 01, 06, 04, 05, 04, 05, 05, 01
L12 05, 04, 02, 07, 08, 09, 06, 06, 02, 08
L13 04
L14 09, 06, 08, 05, 02
L15 08, 08, 03, 08, 06, 06
L16 09, 02, 09
L17 01
L18 04, 04, 09
L19 03, 07, 01, 06
L20 03, 10, 01, 01
L21 10, 08, 10, 05, 05, 09, 10
L22 04, 07
L23 04, 01, 04, 05, 03, 08
L24 07, 09, 03, 01, 05, 06, 08, 10, 08, 09
L25 09, 05, 02, 08, 06, 08, 02, 05, 09, 05
L26 06, 01, 04, 08, 06, 10, 10, 04, 09, 08
L27 04, 08
L28 09, 08, 05, 06, 06, 07
L29 03, 10, 03, 08, 07, 06
L30 06, 01, 04, 03
L31 09, 02, 08
L32 01, 03, 08, 09, 06, 01, 08, 03
L33 05, 08, 07, 01, 06, 02, 05, 05, 07
L34 03, 02
L35 10, 02, 03, 04, 06, 01, 05, 04
L36 08, 08, 07, 06, 04, 08, 05, 06, 08, 10
L37 04, 02, 10, 08, 06
L38 04, 09, 01, 05, 06, 10
L39 10, 06, 04, 10, 10, 09, 01, 07, 07
L40 04, 10, 07, 09, 05, 04, 10, 02
L41 01, 01, 07, 06, 09, 02, 04, 09, 06, 02
L42 06, 01, 05, 02, 03, 07, 10, 03, 05, 08
L43 09, 09, 08, 09, 06, 04, 08, 07, 03, 08
L44 01, 05, 07, 02, 10, 07, 09, 01, 07
L45 02, 03, 08, 06, 09, 09, 08
L46 09, 10, 04, 07
L47 04, 02, 10, 01, 08, 04, 10
L48 04, 06, 05, 07, 05, 02, 08
L49 08, 04, 09, 02, 03, 04
L50 01
L51 06, 09, 02
L52 06
L53 04, 09, 10, 06, 07, 04, 07, 05, 09
L54 09, 08
L55 10, 05, 03, 09, 08, 01
L56 10
L57 01, 02, 09, 08, 01, 10
L58 08, 10, 03, 06, 02, 10, 04, 07
L59 08, 05, 07, 07, 04, 04
L60 08, 07, 05, 05, 07, 05
L61 03, 07, 08, 03, 04, 10
L62 03, 07
L63 05, 04, 05, 04
L64 01, 01, 05, 07, 07, 01, 01, 02
L65 08, 08, 03, 05, 07, 07, 10
L66 03
L67 03, 06, 08, 06, 08, 06, 09, 04, 02
L68 09, 09, 03
L69 05, 10, 07, 06, 10, 08, 04, 09, 08
L70 03, 04, 04, 05, 04, 08, 05, 08
L71 05, 03, 04, 10, 04
L72 03, 06, 05, 01, 01, 05, 08
