L1 07, 07, 02, 03, 05, 06
L2 09, 07, 03, 05, 06
L3 01, 02, 06
L4 10, 01, 04, 09, 03, 08, 10, 02, 08, 03
L5 05, 10, 07, 01, 08, 10, 06, 03, 06, 10
L6 02, 02, 07
L7 07, 07, 02, 02, 08, 01, 05, 01, 01
L8 09, 10, 10, 06, 03, 01, 01, 04, 10
L9 01, 09, 08
L10 04, 07, 06
L11 01, 02, 05, 07, 01, 06, 10
L12 08, 06, 01, 01, 05, 09, 10, 06
L13 04, 09, 08, 07, 08, 01
L14 06, 10, 02, 10, 07, 09, 08, 09, 03, 03
L15 03, 10, 06, 02, 10, 04, 04
L16 10, 04, 01, 05, 02, 05, 03, 09, 03, 10
L17 02
L18 01, 06, 07, 09, 06, 04
L19 08, 08, 05, 02, 10, 02, 06
L20 05
L21 02, 04, 03, 02, 01, 04, 08, 03, 04
L22 05, 05, 06
L23 05, 03
L24 05, 09, 03, 03, 08, 03, 07, 10, 02, 08
L25 04, 03, 05, 05, 08, 09, 08
L26 04, 08, 03, 10, 10, 07, 04, 07
L27 10, 10, 09, 04, 10, 01, 06, 07, 05, 04
L28 08, 01, 04, 01, 05, 01, 05, 03
L29 03
L30 07, 10, 04, 06, 01, 10, 09, 07, 01, 10
L31 09, 05, 09, 02, 02, 08, 06, 05
L32 04, 05, 01, 04, 10
L33 01, 04, 05
L34 05, 01, 04, 09, 06
L35 10, 06, 04, 01, 07, 02
L36 01, 10, 10, 02, 07, 08, 08, 04, 01
L37 06, 06, 04
L38 06, 09, 04, 10, 03, 05, 05, 03, 02, 02
L39 08, 06, 05
L40 09, 03, 07, 10, 05, 10
L41 04, 08, 02, 04, 02, 09, 01
L42 08, 09, 07, 01, 10, 09, 07
L43 02, 09, 08, 06, 08, 03, 10
L44 03, 04, 01
L45 08, 01, 01
L46 10
L47 06, 03
