L1 07, 10, 09, 01, 06, 02, 08, 10, 10
L2 02, 10, 09, 05, 04, 04, 02, 04
L3 06, 09, 01, 02, 07
L4 07, 05, 07, 02, 06, 05, 08
L5 03, 10, 10, 05, 07
L6 04
L7 02, 05, 04, 06
L8 10
L9 04, 04, 04, 04, 04, 07, 10, 02, 03
L10 08, 05, 01, 02, 04, 05
L11 04, 06, 02, 10, 07, 08
L12 08, 02, 01, 06, 02, 10
L13 05, 03, 08, 09
L14 04, 10, 09, 09, 08, 08, 05, 08
L15 08, 05, 05, 03, 02, 08, 05, 08, 05
L16 08, 07
L17 05, 10
L18 08, 07
L19 07, 05, 04, 03, 06, 04
L20 03
L21 05, 03
L22 04, 09
L23 09, 02, 06, 03, 10, 10, 04, 09
L24 07, 05, 08, 10, 02, 04, 06, 01
L25 01, 03, 07, 04, 05, 10, 07, 01, 04, 09
L26 04, 08, 04, 05, 03, 06
L27 05, 01, 06, 02, 08, 10
L28 07, 04, 04, 04, 04, 05, 04, 08, 02
L29 02, 03, 06, 04, 06, 06, 09, 01, 04, 03
L30 06, 10, 03, 10, 01
