L1 02, 07, 01, 05, 06, 03, 03, 05, 05, 09
L2 06, 03, 03, 05, 05, 06, 03
L3 06, 06, 01, 03, 01, 06, 02
L4 06, 08, 09, 07, 01
L5 08, 06, 03, 10, 08, 07, 07
L6 03, 02, 01, 08, 08, 07, 03, 10
L7 01, 05, 04
L8 07, 09, 06, 02, 06
L9 02, 03, 06, 08, 02, 03
L10 01, 01, 07, 09, 08, 09, 02, 10, 08, 09
L11 03, 10, 01, 03, 04, 06, 07, 03
L12 05, 04, 01, 02
L13 05, 07, 02, 06, 10
L14 09, 02, 10, 07
L15 10
L16 03, 10, 09, 10, 02, 09, 10, 06, 04
L17 04, 06, 10, 08, 01
L18 09, 05, 07
L19 09, 03, 09, 02, 01, 10, 03, 09
L20 04, 09, 04, 03, 08, 04, 06, 06, 05, 01
L21 02, 05, 07, 03, 04, 07, 05, 05, 04
L22 04, 02
