L1 10, 10, 09, 03, 04, 06, 02, 02, 02, 05
L2 02, 02
L3 09, 10
L4 08, 09, 06, 04, 06, 01
L5 06, 03, 01, 06, 02, 01, 05, 03, 10
L6 07, 05, 01, 08, 07, 04
L7 10, 07
L8 02, 05, 03
L9 03, 03, 02, 08, 08, 04, 07
L10 06, 07, 02, 09, 09
L11 01, 10, 04, 07, 05, 06, 06, 03, 02
L12 02, 08, 10, 05, 05, 04, 04
L13 06, 07, 06, 05, 01, 04, 01, 08, 03
L14 07, 01, 01
L15 03, 06, 08, 07, 03, 03, 01, 04, 10
L16 04, 01, 09, 08
L17 04, 08, 01, 10
L18 07, 02, 09
L19 10, 01, 03, 06, 03, 05, 06, 05, 02
L20 03, 05, 06
L21 10, 05, 07
L22 05, 07, 02
L23 02, 09, 02, 01, 04, 10, 05, 02, 10, 04
L24 03, 01, 06, 07
L25 01, 09, 09, 05, 05, 04
L26 04, 08, 06, 09, 04, 02, 02, 05
L27 03, 08, 05, 08, 07
L28 09
L29 04, 04, 10, 06, 09, 09
L30 01, 09
L31 06, 03, 05, 05, 08, 04, 10, 08, 09, 03
L32 03, 07, 04, 02, 03, 01, 08, 04, 01, 05
L33 04, 07, 05, 04, 05, 06, 07, 03, 07
L34 07, 01, 08, 04
L35 07, 02, 02, 01
L36 06, 07, 08
L37 09, 08, 06, 04, 08, 02, 03
L38 08, 09, 08
L39 04, 04
L40 02, 07, 02, 04, 06, 06
L41 04, 09, 10, 04, 01, 07, 10
L42 03, 01, 07, 10, 06, 06, 01, 08
L43 09, 06, 07, 02, 01, 01, 08, 04
L44 09, 07, 07, 04, 05, 10, 04, 04, 04
L45 02, 05, 03, 06
L46 01, 05, 03, 06, 06, 02, 05
L47 10, 02, 07, 02, 04, 04
L48 04, 05, 02, 10, 10, 07
L49 04, 02, 05, 09, 04, 09, 02, 09, 08, 02
L50 10, 10, 01, 03
