L1 03, 03, 10, 03, 10
L2 06, 08, 07, 03
L3 06
L4 10, 07, 08, 05, 01
L5 02, 01, 03, 10, 06, 06
L6 08, 07, 02, 08, 04, 06, 10
L7 09, 09, 07
L8 08, 03, 08, 01, 10, 04
L9 09, 03, 04, 01, 01, 05, 01, 05, 06, 06
L10 02
L11 07, 06, 03, 10, 03
L12 05, 01, 05, 03
L13 04, 07, 06, 04, 06, 01, 04, 06
L14 09, 06, 04, 06
L15 08, 01, 03, 08, 05, 10
L16 10, 04, 08, 02, 09, 04, 05
L17 06, 02, 07
L18 09, 02
L19 10, 05, 05, 05, 06, 01, 10, 01, 08, 09
L20 03, 09, 07
L21 05, 08, 07, 04
L22 05, 08, 06, 10, 03, 09, 08, 07, 08, 09
L23 09, 06, 10, 03, 01, 02
L24 03, 02
L25 05, 06, 08, 04, 09, 04, 01, 05, 08, 10
L26 07
L27 10, 01, 06, 07, 07, 03, 06
L28 01, 01
L29 05, 03, 07, 08
L30 10, 07, 01, 05, 07
L31 05, 02, 05, 09
L32 06
L33 07, 03, 01, 08, 10, 08, 04, 02, 05, 08
L34 05, 03, 10, 09
L35 07
L36 03, 05, 05, 07, 01
L37 02
L38 07, 02, 05, 04, 03
L39 08, 04
L40 07
L41 06, 10, 07
L42 03, 03, 07
L43 01, 10
L44 05, 02, 05, 01, 10, 05, 01, 03, 09, 09
L45 06, 03, 09, 07, 10
L46 07, 07
L47 02, 06, 02, 07, 01, 04
L48 04, 04, 04, 04, 10
L49 08, 01, 05, 04, 03
L50 05, 02, 03, 10, 04, 04, 08, 03, 07
L51 01, 03, 07, 07
L52 05, 09, 08, 10
L53 03, 05
L54 03, 02, 06, 03, 08, 02, 05
L55 06, 08, 01, 07, 01, 04
L56 06, 10, 09, 06
L57 07, 02
L58 02, 02, 05, 03, 06, 07
L59 02, 01, 10, 10, 05, 07, 01
L60 03, 08
L61 03, 04, 10, 08, 09, 05, 07, 07, 10
L62 03, 04, 06, 06, 07, 10, 10, 02, 08
L63 06, 01, 08, 05, 05, 05, 07, 06, 09
L64 05, 03, 09, 06
L65 07, 02, 06, 03, 03, 06, 07, 08, 01, 05
L66 02, 04, 06, 02, 02
L67 02
L68 07, 06
L69 03, 04, 06, 08, 08, 08
L70 05, 09, 02, 06, 06, 06
L71 02, 05, 06, 04, 09, 10, 08, 04
L72 09, 06, 08, 10, 07, 06, 07
L73 09, 10, 01, 06
L74 08, 02, 03, 08, 05, 08, 03, 01, 08
L75 05, 03, 10, 05
L76 07, 08, 10, 05
L77 09, 06, 01, 05, 04
L78 03, 04, 06, 10, 02, 05
L79 07, 02, 10
