L1 05, 05, 03, 04, 02, 09, 10, 05, 09, 08
L2 09, 03, 01, 05, 02, 03, 05, 02, 06
L3 10, 06, 09, 06, 02, 02, 01, 01, 10
L4 05, 04, 05, 10, 05, 03, 09, 01, 03, 08
L5 01, 01, 02, 07, 02, 05, 01, 04, 02, 01
L6 08, 09, 10, 09, 01
L7 09, 10
L8 06, 06, 08, 05
L9 02, 06, 03, 05, 03, 04, 07, 03, 05, 04
L10 01, 06, 10, 03, 07, 06, 10
L11 05, 10, 07, 08, 09, 09, 03
L12 04, 10, 10, 05, 04, 05
L13 08, 08, 02, 04, 02, 07, 09, 08, 09
L14 09, 01, 01, 04, 10
L15 10, 10, 06, 10, 10, 06, 02
L16 09, 02, 06, 05, 05
L17 04
L18 10, 07, 09, 03
L19 08, 01, 04, 04, 01
L20 04, 05, 06, 02
L21 07, 09, 05, 06, 04, 07
L22 04, 10
L23 09, 06, 09, 04, 09, 08, 10
L24 03, 05, 06, 05, 08, 09, 05, 03, 04
L25 08
L26 09, 04, 06, 03, 01, 10, 01, 02
L27 10, 09, 03
L28 07, 06, 05, 07, 06, 04, 01
L29 01, 05
